4.41 2.80
4.39 2.85
4.32 2.82
4.39 2.87
4.48 2.83
4.50 2.83
4.38 2.84
1.92 2.24
2.34 2.42
2.57 2.20
2.40 2.51
4.35 2.53
4.45 2.91
4.29 2.83
4.35 2.88
4.39 2.87
4.31 2.81
4.34 2.80
4.37 2.80
4.40 2.85
4.30 2.72
2.57 2.14
2.95 2.40
2.65 2.47
2.83 2.73
4.30 2.79
4.48 2.82
4.31 2.77
4.53 2.89
4.30 2.86
4.28 2.79
4.41 2.89
4.48 2.85
4.48 2.79
4.39 2.82
1.85 2.30
1.69 2.16
1.34 1.20
4.27 2.89
4.44 2.87
4.30 2.86
4.42 2.79
4.37 2.83
4.40 2.81
4.31 2.83
4.42 2.79
4.38 2.85
2.96 2.30
3.00 2.61
3.18 2.59
4.26 2.77
4.40 2.83
4.35 2.80
4.28 2.77
4.41 2.80
4.42 2.78
4.42 2.82
4.41 2.80
2.26 2.77
2.12 1.75
1.84 1.80
1.87 1.32
4.38 2.83
4.41 2.84
4.49 2.91
4.36 2.86
4.44 2.91
3.01 2.31
2.96 2.31
3.27 2.68
4.35 2.77
4.33 2.85
4.32 2.86
4.40 2.89
4.39 2.81
4.37 2.96
4.33 2.78
4.31 2.85
4.55 2.78
4.28 2.85
4.37 2.80
4.48 2.77
4.36 2.86
4.45 2.87
4.38 2.83
4.46 2.84
4.44 2.86
4.27 2.77
4.35 2.85
4.48 2.80
