measure:
11111111
1101101000
00000000
measure:
11111111
1101001111
00000000
measure:
11111111
1101011001
00000000
measure:
11111111
1101101001
00000000
measure:
11111111
1101100100
00000000
measure:
11111111
1101100010
00000000
measure:
1011010
1101101010
00000000
measure:
110010
1110011011
00000001
measure:
0
110000111001
00000000
measure:
110
10011100101
00000000
measure:
1001011
1101101101
00000000
measure:
11111111
1101010100
00000000
measure:
11111111
1101011101
00000001
measure:
11111111
1101010101
00000000
measure:
1010001
1101101100
00000000
measure:
101011
1110110011
00000000
measure:
1010
10110101011
00000000
measure:
1101
10010001100000
00000000
measure:
11000
1111010001
00000000
measure:
1011110
1101101110
00000000
measure:
11111111
1101101100
00000000
measure:
11111111
1101010110
00000000
measure:
11111111
1101011000
00000001
measure:
1110101
1101011101
00000000
measure:
1000010
1101110111
00000000
measure:
100010
1111100110
00000001
measure:
1110
11001001000
00000000
measure:
10100
10011101101
00000000
measure:
100110
1101111000
00000000
measure:
1101011
1101100100
00000000
measure:
11111111
1101101000
00000000
measure:
11111111
1101011011
00000000
measure:
1010101
1101110101
00000000
measure:
101110
1110100011
00000001
measure:
10111
10001100110
00000000
measure:
0
111001101100
00000000
measure:
10000
10000111011
00000000
measure:
1100000
1101101000
00000000
measure:
11111111
1101011000
00000000
measure:
11111111
1101101111
00000001
measure:
10010100
1101100100
00000000
measure:
1010110
1101110011
00000000
measure:
110110
1110010000
00000000
measure:
11111
10000001000
00000000
measure:
10
100010101011
00000000
measure:
10
10110111011
00000000
measure:
1001110
1101101010
00000000
measure:
10011111
1101100110
00000000
measure:
11111111
1101100111
00000001
measure:
10010010
1101011001
00000000
measure:
1100010
1101100010
00000000
measure:
111010
1110010010
00000000
measure:
100001
1111111000
00000000
measure:
100
11100000100
00000000
measure:
1110
1011111111000
00000000
measure:
100100
1110011000
00000000
measure:
1111000
1101110001
00000000
measure:
11111111
1101101000
00000000
measure:
11111111
1101101001
00000001
measure:
10001000
1101101011
00000000
measure:
1001100
1101101010
00000000
measure:
101110
1110100001
00000000
measure:
11001
10000101001
00000001
measure:
11
100001100110
00000000
measure:
11
1010110010000
00000000
measure:
101000
1110000100
00000000
measure:
1111000
1101100011
00000000
measure:
11111111
1101011010
00000000
measure:
11111111
1101011101
00000001
measure:
1101010
1101101101
00000000
measure:
1000001
1110000100
00000000
measure:
100111
1111000100
00000000
measure:
10010
10010101101
00000000
measure:
11
100000000010
00000000
measure:
100001
1110110010
00000000
measure:
1110001
1101100110
00000000
measure:
11111111
1101011110
00000000
measure:
11111111
1101100001
00000001
measure:
10001101
1101101110
00000000
measure:
1010100
1101110110
00000000
measure:
101000
1110110111
00000000
measure:
10110
10001101000
00000000
measure:
0
101000101010
00000000
measure:
1
101011101001
00000000
measure:
1000110
1101101110
00000000
measure:
10010100
1101101000
00000000
measure:
11111111
1101101100
00000000
measure:
11111111
1101011101
00000000
measure:
1101111
1101100000
00000000
measure:
1000110
1101111011
00000000
measure:
100010
1111011011
00000000
measure:
1010
10110000110
00000000
measure:
0
1000011010101
00000000
measure:
10101
1111101001
00000000
measure:
1110011
1101011100
00000000
measure:
11111111
1101011000
00000000
measure:
11111111
1101100011
00000001
measure:
10000011
1101011111
00000000
measure:
1010011
1101110010
00000000
measure:
110100
1110010100
00000000
measure:
10001
10010110000
00000000
measure:
1111
10000000100000
00000000
measure:
11001
1111011010
00000000
measure:
1101100
1101101100
00000000
measure:
11111111
1101101011
00000000
measure:
11111111
1101100011
00000001
measure:
11111111
1101010101
00000000
measure:
1100000
1101101011
00000000
measure:
110010
1110001101
00000000
measure:
100000
1111101011
00000000
measure:
11000
10001010110
00000000
measure:
111000
1110110001
00000000
measure:
1111010
1101011100
00000000
measure:
11111111
1101011010
00000000
measure:
11111111
1101011010
00000001
measure:
11111111
1101110000
00000000
measure:
1101000
1110000011
00000000
measure:
111011
1110000110
00000000
measure:
101010
1111000010
00000000
measure:
10011
10001110111
00000000
measure:
0
100010110100
00000000
measure:
100100
1110011010
00000000
measure:
1101101
1101100010
00000000
measure:
11111111
1101100100
00000000
measure:
11111111
1101100000
00000000
measure:
11111111
1101011101
00000001
measure:
1100011
1101001101
00000000
measure:
111100
1101111101
00000000
measure:
100010
1111000111
00000000
measure:
1111
10101000101
00000000
measure:
110
10110100110
00000000
measure:
110111
1101111010
00000000
measure:
1111001
1101011010
00000000
measure:
11111111
1101011101
00000000
measure:
11111111
1101100010
00000001
measure:
11111111
1101100111
00000000
measure:
1101000
1101101100
00000000
measure:
1000000
1110000000
00000000
measure:
100000
1111100100
00000000
measure:
100
11001100111
00000000
measure:
1001
1000101101010
00000000
measure:
110111
1101110101
00000000
measure:
10001001
1101100101
00000000
measure:
11111111
1101100000
00000000
measure:
11111111
1101100010
00000000
measure:
11111111
1101100110
00000000
measure:
1101111
1101101011
00000000
measure:
111100
1110000011
00000001
measure:
100000
1111111001
00000000
measure:
1010
11000100001
00000000
measure:
0
11100001000
00000000
measure:
111110
1101101011
00000000
measure:
10010000
1101100010
00000000
measure:
11111111
1101100001
00000000
measure:
11111111
1101101110
00000001
measure:
10001101
1101101010
00000000
measure:
1001111
1101101011
00000000
measure:
101011
1110100110
00000000
measure:
10110
10001011000
00000000
measure:
1000
10111100000
00000000
measure:
1010
10010000011
00000000
measure:
1001111
1110001001
00000000
measure:
11111111
1101100100
00000000
measure:
11111111
1101010110
00000000
measure:
11111111
1101011011
00000001
measure:
10001011
1101101001
00000000
measure:
1010011
1101101010
00000000
measure:
101111
1110011100
00000000
measure:
10101
10001110010
00000001
measure:
0
101100011100
00000000
measure:
11111
1110110111
00000000
measure:
1110001
1101100100
00000000
measure:
11111111
1101100011
00000000
measure:
11111111
1101010110
00000000
measure:
11111111
1101101001
00000001
measure:
10001001
1101011101
00000000
measure:
1011110
1101110011
00000000
measure:
111011
1110001101
00000001
measure:
11110
10000110001
00000000
measure:
1010
11001100001
00000000
measure:
1101
1100000100000
00000000
measure:
100111
1110000111
00000000
measure:
1111001
1101011100
00000000
measure:
11111111
1101011110
00000000
measure:
11111111
1101100101
00000001
measure:
11111111
1101101010
00000000
measure:
1101111
1101101101
00000000
measure:
1000010
1101111011
00000001
measure:
100111
1111001010
00000000
measure:
1001
11010101000
00000000
measure:
100
1001110001010
00000000
measure:
101001
1110000111
00000000
measure:
10001011
1101010011
00000000
measure:
11111111
1101010100
00000000
measure:
11111111
1101010100
00000001
measure:
11111111
1101101011
00000000
measure:
1110101
1101101011
00000000
measure:
1000100
1101111011
00000000
measure:
100100
1110111011
00000000
measure:
1101
10100110111
00000001
measure:
1000
1110100100000
00000000
measure:
1110
10001001110
00000000
measure:
1010111
1101010001
00000000
measure:
11111111
1101011110
00000000
measure:
11111111
1101100111
00000000
measure:
11111111
1101011100
00000001
measure:
1101111
1101100101
00000000
measure:
111100
1110001010
00000000
measure:
100001
1111001100
00000000
measure:
10001
10011100101
00000000
measure:
10
11110101110
00000000
measure:
100001
1110100101
00000000
measure:
1101010
1101100010
00000000
measure:
11111111
1101100101
00000000
measure:
11111111
1101010111
00000001
measure:
11111111
1101011011
00000000
measure:
1111001
1101100101
00000000
measure:
111110
1101100010
00000000
measure:
101001
1110110110
00000001
measure:
1101
100001110010
00000000
measure:
101
1011010001000
00000000
measure:
11000
1111110011
00000000
measure:
1001110
1101101010
00000000
measure:
10001100
1101010101
00000000
measure:
11111111
1101101010
00000000
measure:
11111111
1101011101
00000001
measure:
11111111
1101101010
00000000
measure:
1100001
1101101101
00000000
measure:
110011
1110110001
00000000
measure:
10110
10010001100
00000000
measure:
0
101100000110
00000000
measure:
1011
10100001110000
00000000
measure:
11101
1110101010
00000000
measure:
1101100
1101100000
00000000
measure:
11111111
1101100000
00000000
measure:
11111111
1101100111
00000000
measure:
11111111
1101100100
00000001
measure:
1100000
1101110001
00000000
measure:
110110
1110001010
00000000
