100011 1111011000 00000000
100010 1111100011 00000000
11111 1111101001 00000000
1000011 1101111110 00000000
10000000 1101011110 00000000
10000101 1101010111 00000001
1111110 1101010010 00000000
1101000 1101100000 00000000
111011 1101001000 00000001
101110 1110011011 00000000
100011 1111010100 00000000
10111 10000101001 00000000
10000 10010110101 00000000
1011 10100010001 00000000
100011 1110010001 00000000
10000001 1101011001 00000000
1111110 1101101100 00000001
10000011 1101010100 00000000
10000001 1101100001 00000000
1010000 1101100010 00000000
101100 1110101011 00000001
10100 10001010010 00000000
1010 10011101001 00000000
10110 1111000000 00000000
10000010 1101011011 00000000
1110101 1101011100 00000001
1111100 1101010111 00000000
1111011 1101011001 00000000
1000000 1101100000 00000000
100101 1110101010 00000000
1111 10001110010 00000001
1000 10011110010 00000000
1101001 1101011101 00000000
1111100 1101011111 00000001
1111101 1101100001 00000000
10000001 1101101000 00000000
10000000 1101011101 00000000
111110 1101101111 00000000
101111 1111010100 00000001
11001 10000010001 00000000
0 11100111000 00000000
10101 1110011101 00000000
10000111 1101011001 00000000
10000111 1101100000 00000001
10000111 1101010010 00000000
1110000 1101011000 00000000
1000000 1101110111 00000001
100011 1110111000 00000000
1011 10010000001 00000000
11 10110111011 00000000
10001000 1101011000 00000000
10000101 1101010001 00000001
1111010 1101100010 00000000
10001000 1101100010 00000000
1010111 1101011011 00000000
100111 1110100001 00000000
1100 10010011110 00000001
110 10100011101 00000000
1011101 1101011010 00000000
10000101 1101011100 00000001
10000010 1101011010 00000000
10000000 1101010111 00000000
10000110 1101011000 00000000
1010100 1101100110 00000000
110101 1110000111 00000000
11100 1111100011 00000001
1101 10001111110 00000000
1101 10000110010 00000000
10000001 1101011011 00000000
10000011 1101100011 00000001
1111000 1101100011 00000000
10001111 1101101000 00000000
1000001 1101101101 00000000
100001 1111110000 00000001
10010 10001100001 00000000
110 10100101010 00000000
100101 1110000111 00000000
1111110 1101011000 00000000
10000001 1101010001 00000001
10000011 1101100011 00000000
10000111 1101100011 00000000
111111 1101101001 00000000
100000 1110111100 00000001
1111 10010010101 00000000
100 10011000110 00000000
1111111 1101100100 00000000
1111111 1101101000 00000001
1111000 1101011100 00000000
10001100 1101100001 00000000
1011101 1101100010 00000000
110001 1110000001 00000001
100001 1111000011 00000000
1110 10001001000 00000000
10101 1110110010 00000000
10000001 1101010101 00000000
1111101 1101010101 00000001
10000110 1101101001 00000000
10000011 1101100011 00000000
1111101 1101011001 00000000
111001 1101101011 00000000
10111 1110110011 00000001
1001 10011001010 00000000
11001 1110011100 00000000
10000010 1101010101 00000000
10000011 1101011101 00000001
10000101 1101010110 00000000
1111110 1101010100 00000000
1101110 1101100110 00000000
101101 1110010001 00000000
11110 1111000001 00000000
1110 10001010110 00000000
100010 1110110001 00000000
1111010 1101011001 00000000
1111101 1101011010 00000001
1110111 1101001111 00000000
1111101 1101001111 00000000
1101100 1101000111 00000000
110111 1101111110 00000001
10010 10001010001 00000000
111 10001001001 00000000
10000100 1101100000 00000000
1111111 1101101101 00000001
10000000 1101100001 00000000
1111011 1101100010 00000000
10000000 1101011100 00000000
111011 1101110000 00000000
10110 10000001011 00000001
1001 10011101001 00000000
11010 1110010110 00000000
1111111 1101010011 00000000
10000001 1101010010 00000001
10000101 1101011011 00000000
10000011 1101100000 00000000
1100110 1101100100 00000000
110001 1110000110 00000001
10100 10001100110 00000000
11 10101111001 00000000
1010101 1101011100 00000000
1111001 1101011010 00000001
1110101 1101100010 00000000
10000101 1101010111 00000000
10000100 1101100110 00000000
1011011 1101010111 00000000
101010 1101110111 00000001
1110 10001110000 00000000
0 11111111001 00000000
1000000 1101101001 00000000
1110101 1101011010 00000000
1111100 1101100000 00000001
1111110 1101011011 00000000
1111111 1101100101 00000000
1101001 1101100111 00000000
101100 1110100010 00000000
10101 10000111110 00000001
0 10100100100 00000000
10000010 1101011101 00000000
1110010 1101011010 00000001
1111110 1101101010 00000000
1111110 1101011100 00000000
10001100 1101101011 00000000
1000001 1110001110 00000000
11100 1111011011 00000000
0 100110100000 00000001
1101010 1101011100 00000000
1111000 1101010100 00000001
1110001 1101010101 00000000
1110011 1101011000 00000000
1111101 1101011110 00000000
1010001 1101011011 00000000
101000 1110001011 00000001
11110 10000111100 00000000
11000 10011110101 00000000
100101 1101110010 00000000
11111111 1101100101 00000001
11111111 1101101110 00000000
11111111 1101011100 00000000
10000101 1101011110 00000000
1100011 1101100010 00000000
101110 1110010000 00000000
10111 10010000000 00000001
1110 10011111000 00000000
10000000 1101011001 00000000
1111101 1101011011 00000001
10000000 1101011111 00000000
1111110 1101011111 00000000
10000100 1101101010 00000000
1011011 1110100111 00000000
1010011 10001000001 00000001
11110 10101100000 00000000
1011111 1101100000 00000000
10000110 1101100001 00000001
1111110 1101100000 00000000
1111110 1101011010 00000000
10001010 1101011001 00000000
1111001 1101011110 00000000
110010 1111110000 00000000
10100 11001011010 00000001
1011110 1101100000 00000000
1110001 1101010100 00000001
1111100 1101100101 00000000
1111011 1101100010 00000000
1111111 1101011101 00000000
10001000 1101011010 00000000
1010000 1101110011 00000000
101000 10001001110 00000000
11101 10010110000 00000001
10001100 1101100000 00000000
10000110 1101101001 00000001
10000000 1101011001 00000000
1111100 1101011011 00000000
10000010 1101100100 00000000
10001011 1101010100 00000000
1001001 1101110011 00000000
11110 10100000010 00000000
10100 10000011000 00000000
10010101 1101011100 00000000
10000111 1101010100 00000001
1111100 1101010101 00000000
1111001 1101100010 00000000
10001001 1101011110 00000000
1100111 1101110000 00000000
1100011 1111010111 00000001
110010 10110110001 00000000
1101101 1101011011 00000000
10000100 1101010101 00000000
10000011 1101011010 00000001
10000111 1101011100 00000000
10011101 1101011110 00000000
1101100 1101011110 00000000
110011 1101100111 00000000
1011 10011100110 00000001
10100 1110110010 00000000
10011000 1101011101 00000000
10001011 1101011000 00000001
10000011 1101010101 00000000
10001001 1101011100 00000000
10010010 1101001110 00000000
1110100 1101010111 00000000
110110 1110010011 00000000
10011 10110011011 00000001
11111 1110000110 00000000
1111110 1101100001 00000000
1111111 1101011110 00000001
1111111 1101101000 00000000
10000010 1101010110 00000000
10011100 1101110010 00000000
1100111 1101011010 00000000
110111 1110001110 00000000
100100 10001010011 00000001
10101 1110101000 00000000
10000010 1101011001 00000000
1111101 1101100001 00000001
1111100 1101011010 00000000
1111111 1101100000 00000000
10011111 1101011000 00000000
1100100 1101010110 00000000
101100 1110011111 00000000
1000 11011111010 00000001
1010 10000111001 00000000
10011001 1101011111 00000000
10001011 1101011101 00000001
1111111 1101011111 00000000
10010100 1101110001 00000000
1110111 1101010111 00000000
1000010 1101100101 00000000
11111 1111100001 00000001
1010 10100111011 00000000
1001001 1101100011 00000000
10001011 1101010100 00000000
10000011 1101010110 00000001
10000001 1101010101 00000000
10011100 1101100011 00000000
1110101 1101011100 00000000
111111 1101011110 00000000
11110 1111011010 00000001
0 11001110101 00000000
1000010 1101011010 00000000
10000000 1101010001 00000000
10000000 1101100000 00000001
10001110 1101100110 00000000
10010100 1101100000 00000000
1110100 1101011100 00000000
110000 1101111001 00000000
11001 10001101110 00000001
10011 1111100001 00000000
10010010 1101100111 00000000
10000110 1101011100 00000001
10000001 1101011000 00000000
10001101 1101100001 00000000
10011010 1101011100 00000000
1001101 1101100100 00000000
100100 1101111010 00000001
1110 10010111110 00000000
111000 1101010111 00000000
10000000 1101011000 00000000
1111101 1101100101 00000001
10000101 1101011101 00000000
10001100 1101100001 00000000
10010011 1101101101 00000000
1100000 1101100000 00000000
111010 1110000001 00000000
11100 1111111100 00000001
1011 10101100111 00000000
1110001 1101011000 00000000
1111100 1101011011 00000001
1111111 1101100001 00000000
10001000 1101100010 00000000
10010110 1101011010 00000000
1101011 1101011011 00000000
111100 1101100111 00000001
100010 1111000000 00000000
10101 1111110101 00000000
1111001 1101011010 00000000
1111000 1101011001 00000001
10000011 1101100100 00000000
10000011 1101010111 00000000
10001101 1101011100 00000000
1010000 1101100101 00000000
101000 1110011101 00000001
111 10100110010 00000000
111111 1101100001 00000000
10000110 1101011010 00000001
1111010 1101101001 00000000
10000001 1101100000 00000000
10010001 1101011010 00000000
1101001 1101011100 00000000
111010 1110000010 00000001
11111 10000110011 00000000
10000 10100000101 00000000
10010011 1101011110 00000000
10000000 1101100110 00000001
10000101 1101010101 00000000
10000011 1101011101 00000000
10000100 1101011001 00000000
1000000 1101100010 00000000
11111 1111011000 00000000
0 110111111000 00000001
1001001 1101101100 00000000
10000010 1101011110 00000000
10000000 1101100001 00000001
1111110 1101010001 00000000
10010110 1101100001 00000000
1100111 1101011100 00000000
110000 1110010110 00000000
1111 10100111110 00000001
10 11001010001 00000000
10010010 1101100011 00000000
10001000 1101100100 00000001
10000001 1101100100 00000000
10001010 1101100001 00000000
1100101 1101010111 00000000
111000 1101110011 00000001
100000 1111111101 00000000
0 100011101101 00000000
10000101 1101011011 00000000
10000000 1101100011 00000001
1111000 1101100101 00000000
10001001 1101100011 00000000
10000011 1101011010 00000000
111111 1101111100 00000000
100100 1111101101 00000001
101 100000010010 00000000
1100010 1101100101 00000000
10000101 1101011000 00000001
1111100 1101010110 00000000
10000001 1101011001 00000000
10001111 1101011011 00000000
1110001 1101100000 00000000
1000100 1101111001 00000000
100011 1111011001 00000001
1011 11010110101 00000000
11111 1110110000 00000000
10000100 1101010000 00000000
1111111 1101011010 00000001
1111000 1101011110 00000000
10001101 1101011100 00000000
10000110 1101011100 00000000
1000010 1101100001 00000000
100001 1111010101 00000001
1111 10100000000 00000000
100100 1101100011 00000000
10000011 1101011010 00000000
1111000 1101011001 00000001
10000000 1101101000 00000000
10000011 1101100101 00000000
10001101 1101100110 00000000
1000111 1101011011 00000000
11100 10000001001 00000001
10001 10011001010 00000000
1000111 1101100111 00000000
1111010 1101100000 00000000
1111100 1101011111 00000001
10000101 1101100100 00000000
10001000 1101100101 00000000
1110010 1101100001 00000000
110111 1101100011 00000000
10001 10100100101 00000000
10010 10001110010 00000001
10000010 1101011011 00000000
10000001 1101011001 00000001
10000001 1101100001 00000000
1111100 1101011101 00000000
10010011 1101011100 00000000
1101000 1101011101 00000000
110101 1101110011 00000000
10100 10001010111 00000001
11000 10001110001 00000000
1111101 1101100100 00000000
1111111 1101011100 00000001
1110011 1101010110 00000000
1110010 1101011010 00000000
10001001 1101100010 00000000
1101010 1101010011 00000000
1011000 10000111100 00000000
101011 10011000101 00000001
10000010 1101011001 00000000
1111110 1101101000 00000001
1111101 1101010110 00000000
10000000 1101010100 00000000
10010010 1101011010 00000000
1011000 1101010100 00000000
11110 1111100000 00000001
1011 10101000001 00000000
1101110 1101011001 00000000
10000001 1101011111 00000001
10000001 1101011000 00000000
1111110 1101011110 00000000
10000010 1101011000 00000000
1110110 1101001001 00000000
1111100 1101100010 00000000
