11111111 1101011001 00000000
11111111 1101011101 00000000
11111111 1101101010 00000000
11111111 1101011111 00000001
11111111 1101110111 00000000
101100 1101111010 00000000
11011 1110001101 00000000
10111 1111011100 00000000
1110 10000100000 00000000
110111 1101101001 00000000
11111111 1101100011 00000000
11111111 1101100101 00000001
1101100 1101100011 00000000
110100 1101100010 00000000
100010 1110001101 00000001
10011 1111110110 00000000
1100 10011110010 00000000
110101 1101011111 00000000
11111111 1101010000 00000001
11111111 1101011011 00000000
10101111 1101101100 00000000
1011001 1101100101 00000000
110110 1101101011 00000000
100111 1110001100 00000000
11111 1110101110 00000001
11011 1110000011 00000000
11111111 1101011101 00000000
11111111 1101010110 00000001
11111111 1101011111 00000000
1001001 1101011101 00000000
110111 1101101000 00000000
100011 1110010100 00000000
11000 1111011010 00000000
10110 1111001001 00000000
11111111 1101100011 00000000
11111111 1101011110 00000001
11111111 1101010110 00000000
10110001 1101001101 00000000
1001001 1101100001 00000000
110001 1101110101 00000000
100010 1110011011 00000001
11001 1111000100 00000000
10100011 1101011101 00000000
11111111 1101100000 00000001
11111111 1101011000 00000000
10011000 1101010110 00000000
1001110 1101100100 00000000
110110 1101101010 00000000
100110 1110010010 00000001
10101 10000001101 00000000
101101 1101100000 00000000
11111111 1101101010 00000001
11111111 1101011001 00000000
11111111 1101010111 00000000
10001001 1101011010 00000000
1010000 1101100100 00000000
110110 1101110101 00000000
100000 1110110111 00000000
10101 10000001000 00000001
110010 1101101110 00000000
11111111 1101101100 00000000
11111111 1101100101 00000001
11111111 1101010101 00000000
1101011 1101100100 00000000
111000 1101101010 00000000
11110 1110100001 00000000
10011 10000111011 00000001
100010 1101111010 00000000
11111111 1101100011 00000000
11111111 1101011011 00000001
11111111 1101011011 00000000
11111111 1101011101 00000000
1001001 1101100100 00000000
100011 1110001100 00000000
10100 10001100000 00000001
1111 1111111011 00000000
11111111 1101100000 00000000
11111111 1101010111 00000001
11111111 1101011011 00000000
11111111 1101001100 00000000
1011111 1101011110 00000000
101101 1101101110 00000000
10111 1111110001 00000001
10011 1110110001 00000000
11111111 1101001101 00000000
11111111 1101100101 00000001
11111111 1101010001 00000000
10011011 1101101101 00000000
111101 1101110101 00000000
11010 1110110011 00000000
10010 10000010101 00000001
11111111 1101100000 00000000
11111111 1101100111 00000001
11111111 1101011000 00000000
11111111 1101100001 00000000
10010000 1101011001 00000000
110110 1101100100 00000000
11111 1110100010 00000001
1111 10001100111 00000000
10011010 1101100000 00000000
11111111 1101011110 00000001
11111111 1101011000 00000000
11111111 1101100110 00000000
1011100 1101010101 00000000
111110 1101011110 00000000
101010 1101111001 00000000
10011 1111110010 00000001
1001011 1101010111 00000000
11111111 1101100110 00000001
11111111 1101100110 00000000
11111111 1101010001 00000000
1100100 1101011001 00000000
101110 1101110011 00000000
11110 1110011001 00000001
10000 1111011011 00000000
11111111 1101101000 00000000
11111111 1101011001 00000001
11111111 1101011001 00000000
11111111 1101100011 00000000
1110110 1101011100 00000000
111001 1101100100 00000000
10111 1111000110 00000000
11111 1101110010 00000001
11111111 1101011110 00000001
11111111 1101011110 00000000
11111111 1101011001 00000000
10110001 1101011110 00000000
1000101 1101100001 00000000
101001 1110000011 00000000
1100 10011010001 00000001
1001011 1101101000 00000000
11111111 1101100100 00000000
11111111 1101011011 00000001
11111111 1101011110 00000000
11111111 1101101010 00000000
1111001 1101011101 00000000
110110 1101101111 00000000
11101 1110110010 00000001
1011 101101110011 00000000
11111111 1101100000 00000000
11111111 1101100100 00000001
11111111 1101011011 00000000
11111111 1101101100 00000000
10000010 1101100100 00000000
110010 1101101101 00000000
10011 1111110011 00000001
11110 1101111001 00000000
11111111 1101100000 00000001
11111111 1101100110 00000000
11111111 1101011000 00000000
11111111 1101100000 00000000
11111111 1101011000 00000000
111110 1101100010 00000000
11000 1110110001 00000000
100111 1101101010 00000001
11111111 1101100001 00000001
11111111 1101011001 00000000
11111111 1101010011 00000000
11111111 1101011101 00000000
10001100 1101100100 00000000
111010 1101110110 00000000
10100 10001000100 00000000
100111 1101101100 00000001
11111111 1101010001 00000001
11111111 1101011000 00000000
11111111 1101100010 00000000
11111111 1101011100 00000000
10001111 1101100101 00000000
1000001 1101011000 00000000
100000 1110010110 00000001
10101 1110001101 00000000
11111111 1101011101 00000000
11111111 1101101010 00000001
11111111 1101011110 00000000
11111111 1101011011 00000000
11111111 1101011101 00000000
1101110 1101100000 00000000
111001 1101100010 00000000
10101 10000000010 00000000
110100 1101101111 00000001
11111111 1101100101 00000001
11111111 1101011001 00000000
11111111 1101010101 00000000
11111111 1101010000 00000000
1011001 1101100101 00000000
101100 1101110111 00000000
10100 10000000001 00000001
101100 1101101010 00000000
11111111 1101100100 00000001
11111111 1101011101 00000000
11111111 1101101110 00000000
11111111 1101011000 00000000
10010011 1101011011 00000000
111010 1101110110 00000000
10101 1111001010 00000001
100100 1101101111 00000000
11111111 1101011011 00000000
11111111 1101011101 00000001
11111111 1101101000 00000000
11111111 1101011011 00000000
10000001 1101100101 00000000
111000 1101101011 00000000
10110 1111101001 00000001
110000 1101101000 00000000
11111111 1101011011 00000001
11111111 1101100000 00000000
11111111 1101011101 00000000
11111111 1101011000 00000000
10000010 1101100001 00000000
111111 1101100101 00000000
100100 1101111111 00000001
10000 1111001010 00000000
11111111 1101011001 00000000
11111111 1101010101 00000001
11111111 1101011111 00000000
11111111 1101101111 00000000
11111111 1101011010 00000000
1010011 1101011111 00000000
101110 1101111001 00000000
1101 10010101001 00000001
111110 1101010110 00000000
11111111 1101010100 00000000
11111111 1101100100 00000001
11111111 1101001110 00000000
11111111 1101011100 00000000
11111111 1101011010 00000000
1001100 1101011100 00000000
100011 1101111001 00000001
1101 101001010101 00000000
11000001 1101011100 00000000
11111111 1101100000 00000001
11111111 1101010111 00000000
11111111 1101011001 00000000
11111111 1101010110 00000000
10000010 1101101010 00000000
111001 1101101101 00000000
11101 1110101110 00000001
1101 1111010010 00000000
11111111 1101010100 00000000
11111111 1101011010 00000001
11111111 1101011110 00000000
11111111 1101011010 00000000
11111111 1101010011 00000000
10011010 1101100010 00000000
1000001 1101110000 00000000
100101 1110011111 00000001
100001 1101110010 00000000
11111111 1101100010 00000000
11111111 1101100101 00000001
11111111 1101011111 00000000
11111111 1101011100 00000000
11111111 1101011001 00000000
1110101 1101011111 00000000
110110 1101100101 00000000
1111 11001010101 00000001
1100111 1101100000 00000000
11111111 1101011101 00000001
11111111 1101100010 00000000
11111111 1101011011 00000000
11111111 1101011100 00000000
10010000 1101001100 00000000
1001001 1101011000 00000000
101010 1110000010 00000000
1110 10001000110 00000001
11111111 1101100011 00000000
11111111 1101011000 00000001
11111111 1101011101 00000000
11111111 1101011001 00000000
11111111 1101011000 00000000
1110010 1101100100 00000000
111000 1101100000 00000000
10100 1111110011 00000000
11111 1101110010 00000001
11111111 1101011011 00000000
11111111 1101011110 00000001
11111111 1101011010 00000000
11111111 1101011101 00000000
10110110 1101100011 00000000
1000100 1101100000 00000000
100000 1110110010 00000000
100011 1101110001 00000001
11111111 1101011000 00000000
11111111 1101100111 00000001
11111111 1101011000 00000000
11111111 1101101100 00000000
11111111 1101100000 00000000
11111111 1101010000 00000000
1000000 1101101010 00000000
100000 1110101001 00000001
1010 10000100100 00000000
11111111 1101010100 00000000
11111111 1101011001 00000001
11111111 1101100011 00000000
11111111 1101100001 00000000
11111111 1101100110 00000000
1011011 1101011010 00000000
110101 1101101111 00000000
1110 10000111101 00000001
11111111 1101100010 00000000
11111111 1101010110 00000001
11111111 1101011010 00000000
11111111 1101100110 00000000
11111111 1101011000 00000000
11111111 1101011011 00000000
1100001 1101011011 00000000
110111 1101110001 00000000
10111 1111110001 00000001
1000101 1101100100 00000000
11111111 1101011110 00000001
11111111 1101100110 00000000
11111111 1101011001 00000000
11111111 1101010101 00000000
10110101 1101011101 00000000
1001100 1101111000 00000000
100011 1110001010 00000000
11000 1110000110 00000001
11111111 1101011001 00000001
11111111 1101011110 00000000
11111111 1101011110 00000000
11111111 1101011000 00000000
11111111 1101100000 00000000
11111111 1101101011 00000000
1010100 1101100101 00000000
100010 1110001110 00000001
101110 1101110100 00000000
11111111 1101011101 00000001
11111111 1101011110 00000000
11111111 1101010010 00000000
11111111 1101100011 00000000
1111011 1101011010 00000000
110110 1101101101 00000000
11011 1111011000 00000001
11011 1110001011 00000000
11111111 1101100000 00000000
11111111 1101011001 00000001
11111111 1101101001 00000000
11111111 1101010100 00000000
10111010 1101010101 00000000
1000100 1101100011 00000000
101010 1101111100 00000000
10011 1111001101 00000001
11111111 1101011101 00000000
11111111 1101100001 00000001
11111111 1101100001 00000000
11111111 1101010110 00000000
11111111 1101011110 00000000
10001101 1101010001 00000000
1000111 1101100100 00000000
100100 1110011110 00000001
11111 1101111001 00000000
11111111 1101101010 00000000
11111111 1101101000 00000001
11111111 1101011110 00000000
11111111 1101011000 00000000
10110100 1101011000 00000000
1001100 1101010100 00000000
100100 1101110010 00000001
1011 10101101000 00000000
11000010 1101010111 00000000
11111111 1101011101 00000001
11111111 1101010001 00000000
11111111 1101010111 00000000
11111111 1101100000 00000000
1011110 1101100100 00000000
101111 1101111000 00000001
1111 10010110110 00000000
1011011 1101100001 00000000
11111111 1101101000 00000001
11111111 1101100010 00000000
11111111 1101101010 00000000
11111111 1101010000 00000000
10010010 1101010100 00000000
1000011 1101100100 00000000
10111 10000000011 00000001
110000 1101101101 00000000
11111111 1101011000 00000001
11111111 1101010001 00000000
11111111 1101001011 00000000
11111111 1101001110 00000000
10011001 1101011100 00000000
1001000 1101101000 00000000
100010 1110000110 00000001
1101 10010110000 00000000
11111111 1101010110 00000000
11111111 1101010110 00000001
11111111 1101010001 00000000
11111111 1101011110 00000000
11111111 1101011101 00000000
1010001 1101100000 00000000
111011 1101110001 00000001
101011 1101111101 00000000
110101 1101101001 00000000
10001000 1101100111 00000000
111101 1101100010 00000000
101001 1101111000 00000000
10001 10010111100 00000000
1101 1110101010 00000000
11111111 1101011111 00000000
11111111 1101011110 00000001
11111111 1101011010 00000000
11111111 1101100010 00000000
1110100 1101100001 00000000
111001 1101100100 00000000
11110 1110011101 00000001
10101 10000010100 00000000
110101 1101100010 00000000
11111111 1101100000 00000001
11111111 1101010010 00000000
11111111 1101010010 00000000
11111111 1101010101 00000000
10011100 1101011011 00000000
1011101 1101110100 00000000
100101 1110001010 00000000
10010 10001100010 00000001
10110101 1101011110 00000000
11111111 1101011101 00000001
11111111 1101011100 00000000
11111111 1101011100 00000000
11111111 1101011100 00000000
11111111 1101011111 00000000
1100001 1101010111 00000000
110001 1101111100 00000001
101000 1101111000 00000000
11111111 1101010001 00000000
11111111 1101100010 00000001
11111111 1101001110 00000000
11111111 1101100110 00000000
11111111 1101001101 00000000
11111111 1101100001 00000000
11111111 1101011100 00000000
11111111 1101011111 00000000
11111111 1101010110 00000000
