1011111 1101011010 00000000
1100011 1101011101 00000000
11111111 1101100011 00000000
1010110 1101011011 00000000
1011101 1101100000 00000000
1010101 1101100100 00000000
1100110 1101011000 00000000
1011011 1101100100 00000000
1100000 1101011000 00000000
1100000 1101100110 00000000
1001110 1101101100 00000001
100010 1111000110 00000000
111 10111010001 00000000
111 10000110011 00000000
1010110 1101011001 00000000
1011100 1101011011 00000000
1110100 1101011110 00000000
1001110 1101010101 00000001
110000 1110001111 00000000
10000 10010110110 00000000
110 100011111000 00000000
1011001 1101011100 00000000
1011001 1101011001 00000001
1101101 1101001101 00000000
1010100 1101011101 00000000
110000 1101111001 00000000
10110 10001011100 00000001
0 111101000100 00000000
1110100 1101011001 00000000
1011010 1101100011 00000000
1100101 1101100010 00000000
1010110 1101100010 00000000
100101 1110110000 00000000
10 100000001101 00000000
1101 10001011011 00000000
1010111 1101101001 00000000
1100000 1101010101 00000000
1111000 1101011000 00000000
1000110 1101100100 00000000
100111 1110100111 00000000
1001 10110100001 00000000
1110 10000101000 00000000
1011011 1101011100 00000000
1011010 1101100101 00000001
1100101 1101101010 00000000
1101001 1101011001 00000000
111101 1101101110 00000001
11010 10000010011 00000000
0 100111100010 00000000
1110100 1101010101 00000000
1011010 1101100000 00000001
1011100 1101011101 00000000
1110110 1101100000 00000000
111010 1101101000 00000000
11001 1111011001 00000000
111 10110010100 00000001
1011110 1101011111 00000000
1011000 1101011110 00000001
1011001 1101010111 00000000
1111101 1101100001 00000000
1001000 1101100100 00000001
10100 10010010010 00000000
0 100000010110 00000000
1011110 1101010110 00000000
1011111 1101101010 00000001
1010110 1101100110 00000000
1110111 1101100111 00000000
1001011 1101100011 00000000
100001 1111110100 00000001
110 10110111100 00000000
1110111 1101100001 00000000
1101001 1101011111 00000001
1011111 1101101100 00000000
1110000 1101100000 00000000
1010101 1101100010 00000000
101010 1110101100 00000000
1 11110001000 00000000
1001011 1101101000 00000000
1100110 1101011000 00000001
1100001 1101011000 00000000
1101000 1101011111 00000000
1101000 1101010110 00000000
110010 1110000100 00000001
10110 10000110100 00000000
0 10100001110 00000000
1011001 1101100000 00000000
1010010 1101011010 00000001
1011010 1101100110 00000000
1101101 1101011111 00000000
1100010 1101100111 00000000
100111 1111000011 00000000
0 100011010010 00000001
1100111 1101100001 00000000
1011110 1101011101 00000001
1011011 1101010111 00000000
1100101 1101011111 00000000
1101000 1101010111 00000000
110101 1101011111 00000000
101 10101111001 00000001
111 10000011000 00000000
1100111 1101100100 00000000
1011011 1101010101 00000001
1011100 1101011110 00000000
1101010 1101100100 00000000
1100000 1100111010 00000000
100100 1110101010 00000001
0 101100100000 00000000
10001000 1101100110 00000000
1100000 1101011100 00000000
1011111 1101100011 00000001
1110000 1101011100 00000000
1010111 1101011110 00000000
110010 1111110010 00000001
11 11001100000 00000000
1111000 1101011011 00000000
1011110 1101010010 00000001
1011110 1101100000 00000000
1011111 1101011001 00000000
1101011 1101110101 00000000
1001010 1101011110 00000000
110101 10011001100 00000001
101 10000011011 00000000
1011111 1101010110 00000000
1010111 1101011011 00000001
1011111 1101010011 00000000
1101100 1101101110 00000000
1101100 1101100011 00000000
111001 1110110100 00000000
11110 1110000111000 00000001
1111000 1101010111 00000000
1100011 1101011000 00000001
1011100 1101100011 00000000
1011001 1101100001 00000000
1110101 1101100000 00000000
1010111 1101100100 00000000
111000 1110001010 00000001
10001 11101111000 00000000
1110000 1101010010 00000000
1100101 1101011101 00000001
1100000 1101100001 00000000
1011110 1101011100 00000000
1111011 1101100101 00000000
1000010 1101100100 00000000
11110 10011100000 00000001
1010 10000110000 00000000
1011111 1101011001 00000000
1010111 1101010101 00000001
1100011 1101011011 00000000
10000010 1101011110 00000000
1100011 1101011010 00000000
110111 1110011001 00000000
100111 11110101110 00000001
110001 1101010110 00000000
1010011 1101011100 00000000
1010101 1101011001 00000001
1011110 1101010100 00000000
1100011 1101010000 00000000
1011011 1101011010 00000000
100100 1111001101 00000000
0 100110001101 00000001
10000010 1101100001 00000000
1010111 1101011100 00000001
1100000 1101100001 00000000
1011100 1101100100 00000000
10000111 1101011010 00000000
1001011 1101011011 00000000
100111 10000000110 00000001
1 10010010100 00000000
1011110 1101011111 00000000
1100011 1101011110 00000001
1100001 1101010011 00000000
1101001 1101100010 00000000
1101100 1101100110 00000000
111001 1110001100 00000000
0 100111101000 00000001
1101000 1101100101 00000000
1011111 1101010110 00000000
1011111 1101011000 00000001
1101100 1101010001 00000000
1111111 1101100011 00000000
110010 1101111000 00000001
0 11100001100 00000000
10001010 1101100011 00000000
1011001 1101100001 00000001
1011111 1101011110 00000000
1101010 1101100110 00000000
10000000 1101011001 00000000
111000 1110000101 00000001
10000 100101101000 00000000
1001011 1101101000 00000000
1011110 1101010111 00000000
1100010 1101010111 00000001
1011110 1101011110 00000000
1111110 1101100010 00000000
110100 1110011010 00000000
101011 10110011001 00000001
1010 10000010101 00000000
1100000 1101010110 00000000
1011001 1101100001 00000001
1011011 1101100010 00000000
10000011 1101100001 00000000
1000010 1101100011 00000000
101111 1101111010 00000000
110010 1101110100 00000001
101000 1110111011 00000000
1010 11000100001 00000000
110101 1101101001 00000000
1010101 1101011100 00000000
1011110 1101010100 00000001
1011100 1101011001 00000000
1110100 1101110001 00000000
111111 1110001101 00000001
10101 10100111010 00000000
100011 1110100101 00000000
1011101 1101100100 00000000
1011110 1101100000 00000001
1010011 1101011101 00000000
1101110 1101100110 00000000
111010 1110000001 00000001
11010 10110000100 00000000
110 10001100000 00000000
1111110 1101011011 00000000
1011111 1101010101 00000001
1011111 1101100101 00000000
10001101 1101100101 00000000
1000101 1101110100 00000000
111100 10010011100 00000001
10100 10010111001 00000000
1010110 1101011101 00000000
1100110 1101100100 00000001
1011110 1101011001 00000000
1100110 1101011001 00000000
1011011 1101011110 00000000
1011001 10101111011 00000000
1000110 1101111101 00000001
1011001 1101011000 00000000
1010001 1101011101 00000001
1010001 1101100000 00000000
1110011 1101010101 00000000
1000001 1101101110 00000000
10 100001101101 00000001
101101 1101111110 00000000
1011010 1101010011 00000000
1010011 1101011101 00000001
1011010 1101100000 00000000
1101100 1101100110 00000000
1011100 1101110001 00000000
1000001 1101110001 00000001
110010 1110000100 00000000
1000000 1101100000 00000000
1100000 1101100001 00000000
110000 10000001011 00000000
1101 100110010010 00000000
1100011 1101011110 00000000
1001111 1101011011 00000000
1011101 1101100000 00000001
1101111 1101100001 00000000
1010000 1101100100 00000000
110000 1110011100 00000000
11 101000111000 00000001
10110 10000011101 00000000
1101101 1101011001 00000000
1011101 1101011111 00000001
1011011 1101100001 00000000
1101110 1101011011 00000000
1010110 1101011100 00000000
101111 1101101011 00000001
1010 11000111110 00000000
1111100 1101011011 00000000
1011101 1101100000 00000001
1011001 1101100100 00000000
1011000 1101100010 00000000
1110110 1101001111 00000000
1001000 1101101010 00000001
101110 1110111011 00000000
1101 10100101110 00000000
1111101 1101011011 00000000
1011111 1101010100 00000001
1100010 1101010111 00000000
1011010 1101011101 00000000
10000010 1101011110 00000000
1001100 1101100010 00000000
100100 1111010001 00000001
10 100010000010 00000000
1010101 1101001111 00000000
1011101 1101011000 00000000
1011011 1101011100 00000001
1100010 1101010110 00000000
1111010 1101010010 00000000
1000111 1101010100 00000000
100001 1111110000 00000001
0 110100001100 00000000
1100001 1101010110 00000000
1100110 1101100111 00000001
1011111 1101100111 00000000
1010110 1101011100 00000000
1110011 1101100011 00000000
111010 1101011001 00000001
11101 10001100111 00000000
0 1011001111000 00000000
1110101 1101100010 00000000
1010110 1101010110 00000001
1100001 1101011101 00000000
1010001 1101011100 00000000
1111001 1101011111 00000000
1000000 1101011010 00000001
10101 10010001100 00000000
11 10101000001 00000000
1100001 1101011011 00000000
1011000 1101010100 00000001
1010011 1101011010 00000000
1011101 1101011100 00000000
1101111 1101100101 00000000
1000100 1101110001 00000000
100001 10000011000 00000001
1110 10100000000 00000000
1011011 1101011101 00000000
1010011 1101100110 00000001
1010011 1101100011 00000000
1010111 1101100001 00000000
1111010 1101011111 00000000
110111 1110000111 00000001
11010 10000001101 00000000
0 100101000000 00000000
1101110 1101011110 00000000
1010101 1101101011 00000001
1010110 1101101000 00000000
1011001 1101101010 00000000
1111100 1101100001 00000000
1010100 1101011110 00000000
101100 1110101001 00000001
1001 11011100000 00000000
100000 1110000100 00000000
1010100 1101011000 00000000
1011001 1101011100 00000001
1011011 1101100000 00000000
1101101 1101010111 00000000
1001010 1101101100 00000000
101110 1110100011 00000000
1010 11011001010 00000001
100111 1110000111 00000000
1011101 1101011000 00000000
1010101 1101110000 00000001
1011100 1101100010 00000000
1011101 1101011111 00000000
1101110 1101100100 00000000
110000 1110001010 00000000
10100 10001000111 00000001
1101 10011000001 00000000
1100111 1101011100 00000000
1011000 1101010110 00000001
1010101 1101011110 00000000
1011110 1101100001 00000000
1111001 1101101111 00000000
1000111 1101011010 00000000
11111 1111101011 00000001
1010 10100001011 00000000
111110 1101011100 00000000
1011111 1101100011 00000001
1010001 1101100001 00000000
1011001 1101011111 00000000
1100000 1101011100 00000000
1001011 1110000110 00000000
110100 1110001000 00000001
111001 1101111100 00000000
1100001 1101100110 00000000
110001 1111101010 00000000
