11111111 1101100000 00000000
11111111 1101001101 00000000
11111111 1101100011 00000000
11111111 1101100010 00000000
11111111 1101010010 00000000
11111111 1101011010 00000000
11111111 1101101010 00000001
111110 1110010101 00000000
10100 10001100111 00000000
1010 10100110000 00000000
111010 1110000011 00000000
1101100 1101100001 00000000
1101010 1101101100 00000000
1001001 1101101111 00000000
101111 1110010101 00000000
10101 10001100100 00000000
0 10110011011 00000000
1101011 1101101010 00000000
11111111 1101011111 00000000
11111111 1101011101 00000001
1101011 1101011010 00000000
110100 1110010010 00000001
10010 10010111101 00000000
0 10110111011 00000000
1111110 1101101000 00000000
11111111 1101100011 00000000
11111111 1101011110 00000001
10001011 1101010111 00000000
110011 1110010111 00000000
1111 10011000100 00000001
0 10111000100 00000000
10101000 1101011110 00000000
11111111 1101101000 00000001
11111111 1101011001 00000000
1111000 1101011011 00000000
1000011 1101100010 00000001
101001 1111001010 00000000
0 11100011010 00000000
10100101 1101100101 00000000
11111111 1101100000 00000001
11111111 1101100100 00000000
10101001 1101011101 00000000
1010101 1101100101 00000000
110100 1110100011 00000001
10001 10011000100 00000000
101011 1110000111 00000000
11111111 1101011000 00000000
11111111 1101001111 00000001
11111111 1101011110 00000000
1101011 1101011100 00000000
111011 1101101100 00000000
11110 10000100000 00000001
11010 1111010010 00000000
11111111 1101100100 00000000
11111111 1101100010 00000001
11111111 1101011011 00000000
10101111 1101100010 00000000
111101 1101101000 00000000
100010 10000001010 00000000
0 100001110000 00000001
10010101 1101100001 00000000
11111111 1101010111 00000000
11111111 1101010110 00000001
11111111 1101011001 00000000
1110110 1101100010 00000000
111101 1101011000 00000000
11010 10001000010 00000001
1000 10011011110 00000000
11111111 1101010100 00000000
11111111 1101100000 00000001
11111111 1101100110 00000000
1011010 1101011011 00000000
100110 1111001101 00000000
100 11010000011 00000001
10100 1111111101 00000000
11111111 1101100101 00000000
11111111 1101010010 00000001
11111111 1101100010 00000000
1110010 1101011101 00000000
101111 1110110111 00000000
1010 11001100001 00000001
100100 1110100010 00000000
11111111 1101011010 00000000
11111111 1101100010 00000001
11111111 1101011110 00000000
1011111 1101101000 00000000
101011 1111000110 00000001
1001 11010111000 00000000
110011 1110000010 00000000
11111111 1101011010 00000000
11111111 1101011110 00000001
11111111 1101010110 00000000
1011111 1101011111 00000000
110100 1110001100 00000001
11101 10000101010 00000000
10110 1111110010 00000000
11111111 1101011000 00000000
11111111 1101100011 00000001
11111111 1101100010 00000000
10010111 1101011010 00000000
1000000 1101010110 00000000
100100 1111100011 00000001
10010 10010001100 00000000
10101000 1101010111 00000000
11111111 1101101010 00000001
11111111 1101100100 00000000
10101100 1101100011 00000000
1001010 1110010010 00000000
101110 10111010001 00000001
111 10010101000 00000000
11111111 1101100011 00000000
11111111 1101100010 00000001
11111111 1101011011 00000000
10001101 1101011010 00000000
1000010 1101110111 00000001
100000 10000000000 00000000
0 11011100100 00000000
1101010 1101011000 00000000
11111111 1101011001 00000000
11111111 1101100011 00000001
10110111 1101101000 00000000
111110 1110001010 00000000
1011 11010110011 00000001
10101 1111101011 00000000
11111111 1101011011 00000000
11111111 1101100011 00000001
11111111 1101101000 00000000
1100000 1101100011 00000000
11111 10000000110 00000001
0 11011101110 00000000
1011000 1101100100 00000000
11111111 1101010011 00000000
11111111 1101100100 00000001
10011100 1101100101 00000000
101111 1110100000 00000001
10010 10010101000 00000000
0 11100110000 00000000
10010010 1101100100 00000000
11111111 1101011110 00000000
11111111 1101010100 00000001
11111111 1101010110 00000000
1101011 1101100100 00000000
110001 1110101010 00000001
1011 10110000110 00000000
100 10011100010 00000000
11111111 1101100100 00000000
11111111 1101100110 00000001
11111111 1101011001 00000000
1101110 1101011010 00000000
100110 1111001011 00000000
10 11111100000 00000001
101000 1110000011 00000000
11111111 1101011101 00000000
11111111 1101100001 00000001
11111111 1101011110 00000000
1000100 1101101001 00000000
10111 10000011001 00000001
0 11011101000 00000000
10010110 1101010101 00000000
11111111 1101100011 00000001
11111111 1101100100 00000000
10011100 1101011000 00000000
111011 1101011100 00000000
11011 1111000101 00000000
101 100000110000 00000001
110111 1101100110 00000000
11111111 1101100010 00000000
11111111 1101010110 00000001
11111111 1101011000 00000000
1110000 1101011101 00000000
110100 1110100110 00000001
100 11100001110 00000000
101000 1110000110 00000000
11111111 1101010101 00000000
11111111 1101001111 00000001
11111111 1101010000 00000000
1011001 1101100011 00000000
101000 1111011000 00000000
110 11010011000 00000000
1001 10001001100 00000001
11111111 1101010100 00000000
11111111 1101011111 00000000
11111111 1101010101 00000001
1011111 1101100100 00000000
101000 1111001010 00000001
0 100110101010 00000000
101101 1101111010 00000000
11111111 1101100101 00000000
11111111 1101011110 00000001
11111111 1101100000 00000000
1011110 1101011011 00000000
110010 1110000000 00000000
10001 10101011101 00000001
1010 10001010010 00000000
11111111 1101100001 00000000
11111111 1101011010 00000001
11111111 1101011000 00000000
1010101 1101010100 00000000
100110 1111101011 00000000
100 100101110010 00000001
110011 1101111010 00000000
11111111 1101010101 00000000
11111111 1101101000 00000001
10111010 1101011100 00000000
1000110 1101111101 00000000
11101 10000100011 00000001
1010 10100111101 00000000
1110011 1101100000 00000000
11111111 1101011001 00000000
11111111 1101010000 00000001
11111111 1101010110 00000000
1011011 1101101110 00000000
101010 1111011000 00000001
0 1001001010101 00000000
110000 1110000001 00000000
11111111 1101011110 00000000
11111111 1101011100 00000001
11111111 1101100000 00000000
10001111 1101100011 00000000
1000010 1101111010 00000000
11110 10000011000 00000001
0 100010111101 00000000
10101001 1101010011 00000000
11111111 1101011001 00000000
11111111 1101011110 00000001
10000001 1101010101 00000000
111111 1101111001 00000001
100011 1111101011 00000000
1010 10111100000 00000000
10100010 1101011010 00000000
11111111 1101100000 00000001
11111111 1101010011 00000000
11111111 1101100001 00000000
10000110 1101001000 00000000
1000101 1101100101 00000001
100011 1111100110 00000000
101 11010000011 00000000
1011111 1101100010 00000000
11111111 1101100011 00000000
11111111 1101010111 00000001
11111111 1101011111 00000000
10011001 1101011101 00000000
1001000 1101011101 00000000
11111 10001001110 00000001
0 11111100010 00000000
10010010 1101010110 00000000
11111111 1101011110 00000001
11111111 1101010010 00000000
11111111 1101010111 00000000
1101000 1101001111 00000000
110110 1110001100 00000000
10110 10010000100 00000001
100 10100111101 00000000
1110111 1101011000 00000000
11111111 1101011000 00000001
11111111 1101100011 00000000
10111100 1101100001 00000000
1001010 1110001110 00000000
11110 10010000010 00000000
1 11101010010 00000001
10011000 1101100110 00000000
11111111 1101010110 00000000
11111111 1101011100 00000001
10011001 1101010011 00000000
1001010 1101101111 00000000
110111 1110100100 00000001
10011 10011011001 00000000
100100 1110011011 00000000
11111111 1101100011 00000000
11111111 1101100010 00000001
11111111 1101011110 00000000
11111111 1101100011 00000000
1011101 1101011111 00000000
101010 1111000110 00000001
1111 1011110101000 00000000
1010111 1101101001 00000000
11111111 1101100010 00000000
11111111 1101011001 00000001
11111111 1101100100 00000000
11111111 1101100010 00000000
1001101 1101101000 00000000
10110 10010011001 00000001
0 11011000000 00000000
10111000 1101011000 00000000
11111111 1101011010 00000001
11111111 1101011010 00000000
11111111 1101100100 00000000
1010111 1101100000 00000000
110000 1110101100 00000000
1101 11010010000 00000001
101010 1110001001 00000000
11111111 1101011000 00000000
11111111 1101100000 00000001
11111111 1101011010 00000000
1110111 1101011111 00000000
111101 1101111010 00000000
11001 10001100111 00000001
0 100010100010 00000000
10010001 1101011111 00000000
11111111 1101010011 00000001
11111111 1101011000 00000000
11111111 1101100110 00000000
10111111 1101010111 00000000
1010110 1101101010 00000000
100111 1111001100 00000001
101 101100100011 00000000
1110001 1101010101 00000000
11111111 1101011101 00000001
11111111 1101100111 00000000
11111111 1101010100 00000000
11111111 1101011001 00000000
1011111 1101100001 00000000
110001 1110000110 00000000
1110 10011111000 00000001
1101010 1101101011 00000000
11111111 1101100011 00000001
11111111 1101010100 00000000
11111111 1101001100 00000000
11111111 1101011000 00000000
1001100 1101101101 00000000
11101 10000010010 00000001
1001 10101001010 00000000
1110101 1101010111 00000000
11111111 1101011111 00000001
11111111 1101011100 00000000
11111111 1101010101 00000000
11111111 1101100100 00000000
1100011 1101011000 00000000
110111 1110000110 00000001
100 11010011110 00000000
1001111 1101110100 00000000
11111111 1101010100 00000000
11111111 1101100010 00000001
11111111 1101010011 00000000
11111111 1101001101 00000000
1010101 1101101100 00000000
101011 1111000010 00000001
10 11001110001 00000000
111100 1101110110 00000000
11111111 1101010101 00000000
11111111 1101010111 00000001
11111111 1101101001 00000000
11111111 1101011011 00000000
1110010 1101100001 00000000
110111 1110001010 00000000
11001 10001100010 00000001
1111 10000001001 00000000
11111111 1101010111 00000000
11111111 1101011010 00000001
11111111 1101010110 00000000
11000001 1101011101 00000000
1000110 1101100010 00000000
100111 1110111101 00000001
10 11001100101 00000000
1011101 1101100000 00000000
11111111 1101100100 00000000
11111111 1101011111 00000001
11111111 1101110001 00000000
1100000 1101011011 00000000
11001 10001100110 00000000
0 101011111100 00000001
10000101 1101100000 00000000
11111111 1101010110 00000000
11111111 1101101010 00000001
11111111 1101010000 00000000
11111111 1101101011 00000000
11111111 1101010111 00000000
