1010101 1101011011 00000000
1011100 1101101100 00000000
110110 1111000000 00000001
100110 10010100101 00000000
100001 11001100111 00000000
1011011 1101010100 00000000
1010011 1101011110 00000001
1010011 1101010110 00000000
1011110 1101011101 00000000
1010111 1101011001 00000001
110000 1110100010 00000000
10101 10011001000 00000000
110 10101000000 00000000
1100000 1101011000 00000000
1010101 1101101100 00000001
1010110 1101011101 00000000
1101011 1101011100 00000000
111010 1101101110 00000000
10111 10010001110 00000001
101 11100101000 00000000
1000010 1110101000 00000000
1010001 1101100000 00000000
1010010 1101010110 00000001
1100000 1101011000 00000000
1011001 1101101100 00000000
100001 1111011110 00000001
1 11101111000 00000000
1011 10001001100 00000000
1011110 1101010100 00000000
1011000 1101011100 00000001
1011000 1101011101 00000000
1110111 1101011111 00000000
111101 1101110000 00000000
100000 10000000110 00000000
1010 11000100111 00000001
11100 1101010000 00000000
1010111 1101100000 00000000
1100001 1101001110 00000001
1010100 1101011110 00000000
1011011 1101100111 00000000
1100011 1101110110 00000001
1001110 1110000100 00000000
111011 1110000100 00000000
1000100 1101110100 00000000
1100100 1101101010 00000000
1000011 1110000100 00000000
10 100111011010 00000000
10000 101000000010 00000000
1010101 1101011101 00000000
1011001 1101011001 00000000
1001101 1101010111 00000000
1100110 1101010100 00000000
111000 1101101011 00000001
110001 1110001101 00000000
101111 1110111011 00000000
101101 1110101010 00000000
10110 10001001110 00000000
1001 11000101010 00000000
1100101 1101011010 00000000
1011110 1101010110 00000001
1010110 1101011010 00000000
1100000 1101011101 00000000
1110100 1101010111 00000000
1001001 1101101101 00000000
110011 1110001001 00000000
10101 10001100111 00000001
1001 10110111011 00000000
1 11000110101 00000000
1011101 1101011101 00000000
1011101 1101100011 00000001
1010011 1101010100 00000000
1010111 1101011110 00000000
1110101 1101011111 00000000
1001111 1101101101 00000000
110101 1110001110 00000000
10011 10000111000 00000001
10011 10011001100 00000000
1111 10001000001 00000000
1100000 1101011110 00000000
1011101 1101100011 00000001
1100001 1101011010 00000000
1011001 1101011101 00000000
1110101 1101100010 00000000
1000111 1101100000 00000001
101110 10000010000 00000000
10100 10001111000 00000000
1001 10010101100 00000000
1010111 1101010001 00000000
1010101 1101011100 00000001
1011110 1101100000 00000000
1011110 1101101000 00000000
1101110 1101011011 00000000
1100100 1100110111 00000000
1000110 1101100100 00000001
110010 1110011010 00000000
10011 10001110111 00000000
101 10101011101 00000000
1011010 1101010010 00000000
1011010 1101101000 00000001
1011000 1101100100 00000000
1011001 1101100000 00000000
1100010 1101100101 00000000
1110001 1101100010 00000000
1010000 1101101001 00000001
110111 1101000100 00000000
101100 1110011110 00000000
10001 10011001010 00000000
10001 1110000101000 00000000
1011111 1101100110 00000000
1010000 1101011100 00000001
1011100 1101011010 00000000
1011111 1101100010 00000000
1100010 1101011100 00000000
110010 1110001001 00000001
11111 10000010101 00000000
1111 10100101110 00000000
10110 1111110101 00000000
1011010 1101011100 00000000
1011000 1101100000 00000001
1010111 1101010000 00000000
1010111 1101100101 00000000
1100110 1101010010 00000000
1011110 1101011001 00000000
110010 1110011011 00000001
1100 10101101010 00000000
100001 1111001001 00000000
1010110 1101011100 00000000
1011110 1101011010 00000001
1011001 1101011101 00000000
1010110 1101100011 00000000
1011110 1101010111 00000000
1100001 1101011011 00000000
111011 1101100001 00000001
11110 10000010001 00000000
0 101011011100 00000000
1100010 1101100000 00000000
1010100 1101011101 00000001
1011000 1101010111 00000000
1011010 1101100101 00000000
1010000 1101100001 00000000
1101000 1101100011 00000000
111110 1101111111 00000000
100011 1111001000 00000001
1010 10111110100 00000000
101110 1110000110 00000000
1011010 1101100001 00000000
1011101 1101100010 00000001
1010111 1101010101 00000000
1010111 1101100011 00000000
1101111 1101001111 00000000
111001 1101110111 00000000
10011 10001100010 00000001
1000 10001111100 00000000
1010110 1101011010 00000000
1010100 1101011101 00000001
1010011 1101100000 00000000
1011001 1101100011 00000000
1100100 1101010100 00000000
1100010 1101011100 00000000
101110 1110001100 00000001
111 111010011000 00000000
10110 1101111101 00000000
1011110 1101100111 00000000
1001100 1101011111 00000001
1010111 1101100010 00000000
1100000 1101011001 00000000
1100111 1101011010 00000000
111111 1101100111 00000000
11000 10010000111 00000001
1001 10010010110 00000000
1011001 1101100000 00000000
1011101 1101100000 00000001
1011010 1101100110 00000000
1010111 1101100011 00000000
1100111 1101100000 00000000
1011111 1101101000 00000000
1001101 1111010011 00000001
1001011 1101110100 00000000
1001001 1101110101 00000000
1100110 1101100000 00000000
1100110 1101010001 00000000
1011001 1101100000 00000000
1000101 1101111011 00000000
111001 1110001110 00000000
101110 1110001000 00000000
100100 1111100100 00000000
10101 10100110001 00000000
101010 10000111011 00000000
1010110 1101100100 00000000
1010111 1101011101 00000001
1010001 1101011100 00000000
1010011 1101010100 00000000
1100010 1101011101 00000000
110011 1110001100 00000000
100111 1111101001 00000000
100 11100110010 00000000
101010 1101110001 00000000
1011011 1101011110 00000000
1011110 1101011010 00000001
1011010 1101011110 00000000
1011101 1101011010 00000000
1101000 1110000100 00000000
111000 1110000010 00000000
10111 10001110110 00000001
11 11001101100 00000000
1101101 1101010101 00000000
1010110 1101010100 00000001
1010100 1101011001 00000000
1011001 1101011011 00000000
1100110 1101100001 00000000
1011111 1101011111 00000000
111101 1110000000 00000001
11010 10000111011 00000000
1101 110110000100 00000000
1010110 1101011111 00000000
1011010 1101100000 00000001
1100011 1101101011 00000000
1100000 1101011101 00000000
1110110 1101011011 00000000
111011 1101100100 00000000
100100 1111100001 00000001
1100 10100010101 00000000
101101 1101110011 00000000
1011101 1101010000 00000001
1011101 1101100000 00000000
1011010 1101100000 00000000
1011001 1101011111 00000000
1111010 1101101010 00000000
1010011 1101100101 00000000
110010 1101001001 00000001
10001 10001101110 00000000
1000111 1101100001 00000000
1010101 1101011100 00000000
1010010 1101010100 00000001
1010110 1101100001 00000000
1011011 1101100001 00000000
1100000 1101100011 00000000
110000 1110000111 00000001
110001 1110100000 00000000
11001 10001011001 00000000
1100 11101100110 00000000
1011110 1101100011 00000000
1010010 1101011011 00000001
1010110 1101011100 00000000
1010110 1101010111 00000000
1111011 1101100100 00000000
1000101 1101011101 00000000
110010 1101111100 00000001
110010 1110001110 00000000
1010100 1101101010 00000000
11110 10001000001 00000000
0 101100110110 00000000
100011 1110010000 00000000
1011010 1101011101 00000000
1011111 1101011010 00000001
1010110 1101010001 00000000
1101100 1101011110 00000000
111100 1101100111 00000000
101011 1111000100 00000000
10 100100000010 00000001
10011 1111000101 00000000
1010101 1101011010 00000000
1010010 1101011010 00000001
1001110 1101010001 00000000
1100011 1101100101 00000000
1110000 1101101101 00000000
1001100 1101110011 00000000
101110 1110010110 00000001
10011 10010100101 00000000
1000 10001011011 00000000
1011011 1101010000 00000000
1010111 1101011000 00000001
1010110 1101100011 00000000
1100100 1101100000 00000000
1011110 1101010101 00000000
110110 1110001000 00000001
100010 10000010110 00000000
0 11111010100 00000000
10000 1110101001 00000000
1010000 1101010001 00000000
1010110 1101011110 00000001
1001111 1101011111 00000000
1110100 1101011111 00000000
1011011 1101100010 00000000
100110 1111000010 00000001
0 1010001111010 00000000
111110 1101101101 00000000
1010101 1101100111 00000000
1011000 1101101010 00000001
1011101 1101011110 00000000
1101101 1101011001 00000000
1011111 1101100101 00000000
111010 1101111011 00000001
100000 10000000100 00000000
0 100111110101 00000000
1010000 1101100110 00000000
1010111 1101011010 00000001
1010110 1101100110 00000000
1010010 1101100100 00000000
1111100 1101011110 00000000
1010010 1101101000 00000000
111111 1101110100 00000000
110111 1101111001 00000001
110101 1110000111 00000000
1010010 1100111001 00000000
111110 1101101111 00000000
100101 1111101100 00000000
100010 10000000101 00000000
10000 10111100110 00000000
0 101110000000 00000000
100110 1110000001 00000000
1001111 1101000110 00000000
1010011 1101100010 00000001
1011000 1101101000 00000000
1111001 1101100000 00000000
1010000 1101011111 00000000
110001 1110010010 00000000
11100 10000000010 00000001
1011 10110101001 00000000
100010 1110010100 00000000
1010110 1101100101 00000000
1001100 1101011000 00000001
1001101 1101100100 00000000
1111011 1101100001 00000000
1010011 1101011011 00000000
101010 1110101100 00000000
10011 11000101100 00000001
1 10010011101 00000000
1010111 1101100100 00000000
1010101 1101010111 00000001
1001100 1101011101 00000000
1011101 1101100011 00000000
1100111 1101001010 00000000
111111 1101111011 00000001
100110 1111000100 00000000
0 100101111101 00000000
101010 1101110010 00000000
1010110 1101100001 00000000
1010111 1101011111 00000001
1011010 1101011110 00000000
1111100 1101010100 00000000
1001110 1101101001 00000000
110100 1110001110 00000001
11110 10000100100 00000000
10 10111011110 00000000
1101011 1101010010 00000000
1011101 1101100101 00000001
1011000 1101010100 00000000
1010011 1101011101 00000000
1111111 1101100110 00000000
1010101 1101100000 00000000
110100 1100101001 00000001
11101 10001010111 00000000
111 11001100101 00000000
1111111 1101100011 00000000
1010110 1101011101 00000001
1011001 1101011001 00000000
1011110 1101011010 00000000
1110010 1101011100 00000000
1010111 1101101101 00000000
111000 1110001010 00000001
11010 10000101100 00000000
10 10100010101 00000000
1101011 1101100100 00000000
1011101 1101010101 00000001
1011001 1101100011 00000000
1101011 1101011011 00000000
1011111 1101010100 00000000
111000 1110000000 00000001
11001 10001000010 00000000
1101 11010110111 00000000
1110100 1101010110 00000000
1010111 1101011100 00000001
1011010 1101100000 00000000
1010111 1101100001 00000000
1100001 1101011111 00000000
1110011 1101011111 00000000
1000110 1101100110 00000000
101001 1110100110 00000001
1010 10101110001 00000000
101001 1101111011 00000000
1001111 1101011001 00000000
1011111 1101100111 00000001
1011001 1101010101 00000000
1011011 1101011010 00000000
1110011 1101101001 00000000
1011111 1101010111 00000000
1000101 1110001011 00000001
101100 1110101100 00000000
1 10110100110 00000000
1011111 1101101010 00000000
1011011 1101011001 00000001
1010100 1101011001 00000000
1011100 1101101001 00000000
10000010 1101101000 00000000
1011011 1101011101 00000000
111100 1100011010 00000001
100101 10000001001 00000000
100001 1110100101 00000000
1011000 1101101111 00000000
1010011 1101100000 00000001
1011010 1101011110 00000000
1010101 1101011101 00000000
1101000 1101011011 00000000
1101011 1101100001 00000000
111100 1110000100 00000000
10000 10101010101 00000001
100100 1110000000 00000000
1011100 1101010101 00000000
1010100 1101100010 00000001
1010100 1101011100 00000000
1010110 1101011110 00000000
1110111 1101011101 00000000
1100110 1101110011 00000000
1000101 1101101110 00000000
100111 1111101110 00000001
1111 10101101000 00000000
1111000 1101100101 00000000
1011001 1101011000 00000001
1010010 1101100001 00000000
1011101 1101011001 00000000
10000000 1101100010 00000000
1010001 1101100111 00000000
110101 1110001010 00000001
1001 10111011100 00000000
11111 1111001011 00000000
1011001 1101010101 00000000
1011010 1101011001 00000001
1011010 1101100101 00000000
1011000 1101011010 00000000
1111110 1101011101 00000000
1011000 1101100001 00000000
1000011 1101101101 00000001
100011 1111110010 00000000
0 100101101010 00000000
1111111 1101100000 00000000
1010101 1101100010 00000001
1011000 1101100011 00000000
1011101 1101011000 00000000
1100101 1101010100 00000000
1110011 1101100110 00000000
1000110 1101101111 00000000
100101 1110110110 00000001
110 10100010001 00000000
1011000 1101100110 00000000
1010111 1101100110 00000001
1011000 1101011000 00000000
1010001 1101011000 00000000
1110100 1101100001 00000000
1101111 1101010001 00000000
1000000 1101110011 00000001
11000 10011111010 00000000
1001 11001110000 00000000
1011100 1101010111 00000000
1011000 1101011110 00000001
1010101 1101100010 00000000
1011010 1101010001 00000000
1101010 1101100011 00000000
1101110 1101110001 00000000
1000010 1101110111 00000000
100101 1111011011 00000001
11 10111010000 00000000
1011110 1101011101 00000000
1010001 1101011110 00000001
1011011 1101100100 00000000
1011100 1101100010 00000000
1011111 1101100100 00000000
1010000 1101101001 00000000
1011100 1101101000 00000000
